0
0
0
6.69406
-199.868
-28.3866
18.1176
-360.916
-31.1816
42.8069
-604.333
-7.61292
64.5944
-562.366
-0.2854
219.658
-605.36
17.0608
520.453
-519.301
16.4299
292.561
-530.577
-113.539
6.97974
-566.079
3.37317
-133.622
-614.521
10.6594
-443.625
-550.604
-27.2332
-296.145
-582.806
-246.146
102.949
4.34247
-6.29785
90.2618
451.51
66.5789
78.04
880.394
126.06
116.702
994.644
-48.4056
-92.8338
-3.91199
5.67859
-122.1
444.146
63.7778
-133.525
879.852
104.119
-196.415
985.406
-47.4855
48.3609
-692.726
-34.2388
25.9043
-715.349
-213.351
73.545
-751.79
-192.903
156.475
-760.594
-76.0911
-4.75766
-757.053
-185.933
-56.496
-776.735
-48.3107