0
0
0
-4.36548
-199.738
-6.45422
0.454346
-359.377
-1.06091
18.9878
-601.915
-2.52075
43.5939
-561.68
1.72656
190.989
-556.348
-60.7208
407.866
-352.972
-147.138
188.398
-366.865
-285.601
-10.5775
-564.184
20.078
-157.524
-561.853
30.6866
-412.108
-376.816
52.4764
-282.43
-360.629
-175.938
97.2474
-1.11444
-31.2864
122.537
443.383
23.254
145.298
868.819
70.6292
117.477
1010.81
-81.4353
-87.6925
1.00867
28.2115
-77.7058
443.313
99.1107
-57.3602
873.946
141.367
-112.433
1009.2
14.9955
13.3188
-687.052
-35.6305
-45.3752
-723.585
-201.867
7.75
-754.983
-190.702
113.583
-750.017
-96.0991
-65.6885
-764.652
-166.353
-84.1024
-777.48
-21.2792