0
0
0
-14.7769
-212.277
5.72925
-44.9881
-373.292
-40.3323
-113.612
-582.362
-177.02
-74.4074
-558.067
-156.63
63.9175
-587.279
-252.054
384.651
-582.901
-328.391
631.3
-637.415
-441.426
-129.245
-555.079
-130.156
-285.494
-541.935
-124.199
-565.317
-412.362
-257.536
-353.756
-488.631
-424.749
98.3817
-8.08301
-45.7393
105.35
462.68
-126.351
120.503
915.621
-181.195
107.6
1040.42
-366.192
-88.7152
7.29271
41.2437
-112.297
473.082
-59.5435
-110.211
925.175
-151.239
-213.999
1043.71
-283.425
-150.534
-633.248
-251.498
-231.692
-521.412
-384.411
-199.407
-571.874
-413.929
-95.3424
-674.569
-375.15
-270.847
-567.452
-371.843
-288
-670.123
-255.208
