0
0
0
0
-0.0315336
-0.0201471
-0.0162283
-0.0193604
-0.0339521
-0.0208383
-0.0102465
-0.0142892
0.0750822
0.0500938
0.112737
0.087286
-0.199402
-0.499411
0.494734
0.261693
0.130271
-0.502135
1.0568
0.265237
-0.263002
-0.30922
1.29464
-0.339941
0.937944
0.0630798
0.0317899
-0.315333
1.14317
-0.729695
0.694669
-0.0383608
1.12836
-1.08341
0.735314
-0.523436
0.0635147
0.388014
0.446883
-0.946817
0.262891
0.221265
1.04784
-1.07309
-0.0135383
-0.0359114
-0.047894
-0.0280741
0.0619117
0.00123027
0.031445
0.0594812
-0.0175534
-0.0354837
-0.0260299
-0.00764471
0.409729
0.0832359
0.545747
0.243086
0.802725
-0.0953142
1.09378
0.0164522
0.876989
-0.167872
1.15293
-0.0638199
0.821637
-0.0998918
1.09043
0.00750762
0.945975
-0.550336
1.35469
-0.538795
0.0767949
0.0505338
0.114256
0.0886444
0.0767949
0.0505338
0.114256
0.0886444
0.537085
0.0825024
0.71306
0.208355
0.885165
-0.220367
1.22113
-0.130416
0.537085
0.0825024
0.71306
0.208355
0.0767949
0.0505338
0.114256
0.0886444