0
0
0
-3.22842
-202.416
25.0999
0.20713
-360.392
65.4395
12.093
-595.922
142.953
36.4228
-554.22
140.865
191.962
-526.778
98.772
124.505
-340.895
-147.676
-0.971062
-463.472
-346.577
-21.8418
-553.869
145.174
-159.503
-511.87
101.62
-122.529
-327.77
-159.9
-2.3055
-435.64
-374.453
104.084
-2.34921
-5.55737
112.792
447.389
-90.3706
116.574
884.6
-75.9153
110.175
975.576
-269.737
-93.857
2.12195
5.00977
-101.536
452.958
-70.9578
-79.461
894.363
-61.0442
-78.6415
989.972
-233.379
12.6117
-689.094
136.436
-14.8791
-719.347
-42.6931
31.8522
-757.418
-21.1841
117.522
-764.765
95.5132
-47.2286
-758.561
-12.4363
-97.4679
-769.289
128.292