0
0
0
1.73444
-202.868
38.6628
13.3608
-361.468
83.0657
37.686
-600.619
156.414
62.3075
-559.275
147.572
206.105
-540.473
67.8604
241.402
-276.201
-108.919
116.823
-227.399
-341.703
6.71802
-556.882
167.645
-132.486
-531.739
223.921
-287.487
-258.05
138.402
-322.674
-258.188
-131.206
99.1783
-5.9438
-35.6372
100.591
449.821
-119.606
127.264
891.814
-129.285
86.4725
997.643
-314.131
-89.4339
5.36331
32.1343
-96.3215
465.011
-22.533
-53.7504
910.253
-6.44238
-136.683
1028.84
-143.817
33.1044
-694.874
150.314
-35.0916
-750.665
-13.5117
13.0828
-789.957
4.75391
122.496
-787.571
102.529
-63.0922
-781.461
29.5557
-82.7317
-764.447
178.9