0
0
0
4.10976
-199.151
26.917
15.373
-355.072
64.1133
20.7321
-593.481
118.558
46.5102
-553.445
118.449
200.05
-579.961
77.6758
203.08
-320.371
-94.1951
-13.8763
-444.004
-171.201
-10.3987
-551.021
126.797
-156.758
-538.504
107.402
-156.422
-309.878
-112.526
40.2706
-477.963
-168.064
100.752
-0.632174
-20.0603
123.516
449.781
-13.0098
168.059
871.297
65.4185
128.558
1009.33
-89.2937
-90.8525
0.573561
18.0879
-107.588
449.293
-18.9634
-75.4241
878.463
48.2598
-142.245
1012.05
-75.843
16.2823
-684.246
103.992
-16.9044
-760.053
-57.0308
27.9386
-792.597
-26.9182
115.015
-772.231
84.4519
-49.6921
-787.305
-17.2786
-95.8561
-756.745
119.564